932,933
1041
618,619,621,622,623
687
904,909,911
918
986
750
1107,1110,1111
1080,1082
794,798
773
1041
1177,1183
735
813,814
646
713,714,715,716
1048,1053
736
626
672,673,674
1025,1029
677,678,679
1028,1030
750
993,997,998,999
1025,1029
963

1184,1186,1191
1141,1142

1105,1108
1187,1188,1189
1145,1146,1149,1151
633,637,638
920,921,923,924
1028,1030
1050
949
922,927
690
1197
785,786,787
1016,1018,1023
677,678,679
633,637,638
1164,1167
955
1192,1198,1199
794,798
848,849,850,851,855
1028,1030
1141,1142

626
624,625,631
949
912,916,917

1005,1007

793,795,799
905,906
866,867
754
880,881,882
970,971,972,975
1132
932,933
757,759
1080,1082
602,605,606

1085,1087
1176,1178,1180,1181
848,849,850,851,855
1107,1110,1111
1096,1103
1184,1186,1191
908,910

657,662,663
634
813,814
1160,1161,1165
687
1144,1148
650,654
817,820
816,819,823
980,982,983
984,989,991
701
1132

777,778,781,782
842,844,847
752,755,756,758
842,844,847
877,878
696,697,699,700,702,703
718
1179
1081,1083
1067,1071
986
1073,1078
816,819,823
896,902,903
856,858,863
1139,1140

877,878
1100
1177,1183
1160,1161,1165
618,619,621,622,623
1177,1183
963
1034,1039
1139,1140

958
968
1137,1138,1143
1139,1140
986
984,989,991
1041
1120,1121,1122
696,697,699,700,702,703
769,770,775
794,798
837
1066
658,660,661
813,814
1084,1086
817,820
728

680,681,682,683,686
1032,1036,1037
1034,1039
934

1084,1086
680,681,682,683,686
1065,1070
1066
628
875,879
981
601,604
1041
1137,1138,1143
1168,1172
1160,1161,1165
643,645
872,873
1049,1051,1054

1088,1089,1092
1119
735
986
754
752,755,756,758
796,797
746,747,749,751
1049,1051,1054
905,906
1139,1140
1059
1032,1036,1037
1060,1061
1160,1161,1165
803,804
932,933
953,954,956,959
677,678,679
883,885
696,697,699,700,702,703
698
958
812
1066
1028,1030
1170,1173,1174
944,945,948,951
930
649,652,653
785,786,787
886
1184,1186,1191
1171
907
1160,1161,1165
1184,1186,1191
1064,1068,1069
1177,1183
646
1028,1030
788,789,790,791
688,691,694
1097,1099,1102
677,678,679
904,909,911
872,873
817,820
1177,1183
1000,1002
930
724,725,726
1041
1179
735
729,734
1048,1053
1010,1012
897
856,858,863
848,849,850,851,855
920,921,923,924
738,739,741
704,707,708,709
1137,1138,1143
777,778,781,782
1182
730,731,732,733
872,873
1074
872,873
898,899,900,901
872,873
706,710,711
1016,1018,1023
940,942
928,929,931,935
840,845

1179
706,710,711
626
980,982,983
736
641,642
658,660,661
723
724,725,726
737,743
1107,1110,1111
1005,1007
1048,1053
1066
1104
1098,1101
1096,1103
1136
635,636,639
1139,1140
1176,1178,1180,1181
723
736
796,797
1129,1133
688,691,694
988,990
1100
928,929,931,935

985,987
816,819,823

796,797
1193,1194,1195
904,909,911
1025,1029
616
1147
1179
777,778,781,782
1080,1082
832,834
760,762,764,766
641,642
872,873
955
1084,1086
768
680,681,682,683,686
890
1139,1140

861
1179
928,929,931,935
934
767
963
986
1067,1071
1160,1161,1165
934
1160,1161,1165
812
934
1052,1055

1177,1183
750
785,786,787
930
888,895
1192,1198,1199
1197
771,772,774
1197
936,943
1137,1138,1143
842,844,847
1171
1098,1101
1150
963
651
1179
963
988,990
721,722
932,933
1073,1078
633,637,638
832,834
1136
713,714,715,716
675,676
803,804
1162,1163
602,605,606
864,868,869,870,871
984,989,991
1084,1086
1177,1183
1100
818
753
1113,1115,1116
767
1057,1063
937,941
1033,1035,1038
875,879
1033,1035,1038
1147
1118
696,697,699,700,702,703
1120,1121,1122
1100
1056,1058,1062
1032,1036,1037
1170,1173,1174
1136
828,831
626
1009
958

1005,1007
615
875,879
640,644,647
938,939
1098,1101
861
884,887
1118
1112,1114,1117
635,636,639
1112,1114,1117
1137,1138,1143
896,902,903
1066


750
701
696,697,699,700,702,703
1032,1036,1037
737,743
1041

735
809,815
1137,1138,1143
780
1162,1163
1106,1109
796,797
963
738,739,741
1098,1101
1050
922,927
1137,1138,1143
1096,1103
970,971,972,975
1091,1093,1095
701
728
641,642
684,685
688,691,694
928,929,931,935
912,916,917
1162,1163
1130,1131,1134

1042,1045
920,921,923,924
701
1033,1035,1038
1184,1186,1191
1176,1178,1180,1181
1080,1082
1097,1099,1102
761,763,765
1113,1115,1116
738,739,741
864,868,869,870,871
750
657,662,663
735
809,815
633,637,638
1113,1115,1116
1033,1035,1038
915
864,868,869,870,871
953,954,956,959
1005,1007
785,786,787
949
632
937,941
952,957
1179
1020
735
780
1130,1131,1134
886
937,941
955
1050
1144,1148
690
712,719
1032,1036,1037

735
612,614
1088,1089,1092
1128,1135
1126
689,692,693,695
1162,1163

1153,1154,1156
618,619,621,622,623
1073,1078
666,667,668,671
785,786,787
1026,1031
1081,1083
960,964,965
932,933

761,763,765
1106,1109
1067,1071
1085,1087
1081,1083
1136
955
918
1100
1107,1110,1111

1136
930
934
840,845
826,827


963
896,902,903

936,943
1084,1086
603
897

1153,1154,1156
793,795,799
853,854
977,978
1164,1167
1168,1172
832,834
872,873
857,859,862
918
853,854
1091,1093,1095
896,902,903
1153,1154,1156
1049,1051,1054
806
1136
1098,1101
812
1168,1172
915
658,660,661

612,614
1065,1070
650,654
840,845
761,763,765

627,629,630
905,906
904,909,911
852
641,642
738,739,741
648,655
784
1196
816,819,823
615
864,868,869,870,871
915
898,899,900,901
640,644,647
1182
988,990
874,876
754
932,933
928,929,931,935
930
958
821,822
928,929,931,935
689,692,693,695
688,691,694
1032,1036,1037
1075,1076
963
1184,1186,1191
690
932,933
796,797
872,873
635,636,639
633,637,638
643,645

1153,1154,1156
641,642
897
937,941
1025,1029
1170,1173,1174
896,902,903
864,868,869,870,871
771,772,774
1125
832,834
776,779
1168,1172
835,838
970,971,972,975
769,770,775
1073,1078
1137,1138,1143
1170,1173,1174
1074
1147
617,620

865
980,982,983
1097,1099,1102
1132
970,971,972,975

610,611
1153,1154,1156
793,795,799
701
1128,1135
912,916,917
890
1088,1089,1092
1104
988,990
688,691,694
1048,1053
1119
981
1016,1018,1023
832,834
640,644,647
816,819,823
677,678,679
898,899,900,901
1081,1083
646
920,921,923,924
794,798
915
853,854
872,873
784
658,660,661
761,763,765
777,778,781,782
1049,1051,1054
657,662,663
1032,1036,1037
1072,1077,1079
675,676
1179
1088,1089,1092
1074
949
777,778,781,782
1113,1115,1116
1056,1058,1062
1118
632
1098,1101
701
817,820
740,742
1166
821,822
635,636,639
1009
872,873
877,878
955

1073,1078
1075,1076
930
976,979
897
684,685
1164,1167

938,939
897
816,819,823
889,891,892,893,894
633,637,638
666,667,668,671
724,725,726

735

680,681,682,683,686
696,697,699,700,702,703
689,692,693,695
1170,1173,1174
1184,1186,1191
640,644,647
738,739,741
962,967
618,619,621,622,623
602,605,606
750
788,789,790,791
690
821,822
1100
1141,1142
1032,1036,1037
938,939
1179
1182
1162,1163
721,722
953,954,956,959
958
980,982,983
1073,1078
817,820
615
1113,1115,1116
1016,1018,1023
675,676
962,967
1139,1140
988,990
1176,1178,1180,1181
1141,1142
767
1113,1115,1116
958

897
1120,1121,1122
1016,1018,1023
750
938,939
898,899,900,901
628
736
687
800,801,805,807
1008,1015
1025,1029

784
735
1192,1198,1199
689,692,693,695
842,844,847
800,801,805,807
864,868,869,870,871
1192,1198,1199
1074
817,820
740,742
737,743
1168,1172
802
1047
754
970,971,972,975
776,779
937,941
936,943
937,941
874,876
865
857,859,862
705
1170,1173,1174
809,815
1032,1036,1037
913,914,919
689,692,693,695
806
794,798
1160,1161,1165
675,676
1158
896,902,903
1041
1081,1083
1126
864,868,869,870,871

738,739,741
640,644,647
750

848,849,850,851,855
928,929,931,935
753
777,778,781,782
1164,1167
968
767
1137,1138,1143
612,614
1048,1053
724,725,726
1050
771,772,774
730,731,732,733
1080,1082

618,619,621,622,623
1104
643,645
981
907
865
904,909,911
730,731,732,733
981
1049,1051,1054
634
993,997,998,999
1091,1093,1095
890
1028,1030
1009
1060,1061
1182
635,636,639
1073,1078
1177,1183
1179
680,681,682,683,686
750
767
928,929,931,935
1187,1188,1189
883,885
1170,1173,1174
633,637,638
937,941
898,899,900,901
677,678,679
1166
688,691,694
1001,1004,1006
612,614
1049,1051,1054
1084,1086
1040,1043,1044,1046
643,645

1130,1131,1134
1139,1140
832,834
738,739,741
626

1073,1078
633,637,638
701
1048,1053

952,957
1139,1140

1065,1070
1113,1115,1116
936,943

753
657,662,663
1065,1070
1017,1019,1021,1022
1100
813,814
877,878

760,762,764,766
712,719
1137,1138,1143
1057,1063
932,933
852
794,798
1170,1173,1174
1025,1029
1153,1154,1156
812
646
750
1100
1096,1103
1169,1175
938,939
897
1130,1131,1134
953,954,956,959
754
724,725,726

1119
1176,1178,1180,1181
1100
1107,1110,1111
1125
905,906
746,747,749,751
800,801,805,807
841,843,846
853,854
1123,1124,1127
635,636,639
936,943
641,642
728
953,954,956,959
1072,1077,1079
861
773
1139,1140
1126
816,819,823
1060,1061
646
800,801,805,807
635,636,639
1073,1078
633,637,638
963
723
803,804
1067,1071
1041
898,899,900,901
905,906
643,645
603
1048,1053
633,637,638
618,619,621,622,623
928,929,931,935
646
601,604
1066
977,978
853,854
624,625,631
930
1107,1110,1111

706,710,711
1100
740,742
986
1025,1029
1130,1131,1134
886
735
1050
1130,1131,1134
729,734

1090,1094
729,734
828,831
1166
1126
928,929,931,935
949
800,801,805,807
806
1098,1101
1136
857,859,862
688,691,694
1049,1051,1054

1164,1167
753
750
736
802
1162,1163
628

776,779
793,795,799
1065,1070
907
930
1000,1002
633,637,638
687
840,845
852
1107,1110,1111
1145,1146,1149,1151
1176,1178,1180,1181
938,939
842,844,847
841,843,846
672,673,674
713,714,715,716
1107,1110,1111
1098,1101
993,997,998,999
981
853,854
884,887
753
794,798
1025,1029
1001,1004,1006
633,637,638
1166
949
1065,1070
729,734
754

1074
816,819,823
880,881,882
771,772,774
760,762,764,766
1144,1148
872,873
904,909,911
1119
1179
744
1060,1061
1016,1018,1023
840,845
925
1048,1053
754
701
904,909,911
842,844,847
883,885
861
940,942
737,743
665
677,678,679

817,820
1164,1167
688,691,694

1081,1083
952,957
1130,1131,1134
944,945,948,951
1176,1178,1180,1181
832,834
690
665

730,731,732,733
675,676
984,989,991
767
701
1060,1061
1176,1178,1180,1181
738,739,741
977,978
1160,1161,1165
617,620
1176,1178,1180,1181
746,747,749,751
970,971,972,975
1050
949
826,827
635,636,639
913,914,919
1050

832,834
752,755,756,758
936,943
856,858,863
794,798
853,854
1179
884,887
1066

646
603

729,734
794,798
1067,1071
1048,1053
1100
1141,1142
1084,1086
643,645
610,611
664,669,670
806
675,676
713,714,715,716
915

687
1033,1035,1038
875,879
877,878
672,673,674
665
817,820
783
907
904,909,911
696,697,699,700,702,703
1080,1082
932,933
649,652,653
874,876
771,772,774
1049,1051,1054
841,843,846
832,834
1128,1135
937,941
934
955
1196
1136
1072,1077,1079
1160,1161,1165
643,645
634
718
993,997,998,999
713,714,715,716
1096,1103
1139,1140
1033,1035,1038
915
817,820
746,747,749,751
664,669,670
864,868,869,870,871
821,822
826,827
853,854

767
794,798
1042,1045
1184,1186,1191
687
1066
1168,1172
908,910
701
675,676
1136
696,697,699,700,702,703
1126
641,642
861
1152,1155,1157,1159
1177,1183
1182
1065,1070
1073,1078
938,939
675,676
848,849,850,851,855
1052,1055
706,710,711
940,942
1091,1093,1095
817,820
641,642
1084,1086
1137,1138,1143
1153,1154,1156
912,916,917
1097,1099,1102
932,933
643,645

658,660,661
1136
1137,1138,1143
986
988,990
1048,1053
985,987
1141,1142
1100

963
1182
816,819,823
633,637,638
833,836,839
848,849,850,851,855
657,662,663
1050

1028,1030
922,927
1034,1039
1005,1007
1073,1078
1168,1172
896,902,903
938,939
1160,1161,1165
1120,1121,1122
767
735
1160,1161,1165
1080,1082
634
675,676
932,933
1185,1190
1042,1045
646
1107,1110,1111

618,619,621,622,623
977,978
912,916,917
835,838
813,814
915
1080,1082
1147
970,971,972,975
651
760,762,764,766
818
1177,1183

687
1196
1166
800,801,805,807
872,873
992,994,995,996

937,941
785,786,787
612,614
677,678,679
794,798
1080,1082
771,772,774

1009
874,876
632
1144,1148
936,943
796,797
760,762,764,766
818
1075,1076

643,645
898,899,900,901
658,660,661

833,836,839
842,844,847
767
785,786,787
717
771,772,774
1113,1115,1116
1152,1155,1157,1159
706,710,711
1176,1178,1180,1181
816,819,823
633,637,638
796,797
690
677,678,679
938,939
816,819,823
723
1041
1162,1163
788,789,790,791
794,798
940,942
1050

1005,1007
1067,1071
729,734
615
689,692,693,695
735
953,954,956,959
1074
675,676
884,887
907
1090,1094
864,868,869,870,871
1104
848,849,850,851,855
1098,1101
626
860
905,906
735

771,772,774
1130,1131,1134

812
813,814
1041
713,714,715,716
1081,1083
617,620
754
1074
937,941

955
717
618,619,621,622,623
612,614
1084,1086
738,739,741
1153,1154,1156
976,979
680,681,682,683,686
656,659
930
937,941
618,619,621,622,623
1145,1146,1149,1151
634
633,637,638
1166

796,797
1075,1076
664,669,670
1193,1194,1195
1192,1198,1199
1132
980,982,983
949
1168,1172
603
696,697,699,700,702,703
1158

627,629,630
706,710,711


940,942
1144,1148
1141,1142
853,854
890
1130,1131,1134
750
993,997,998,999
852
1034,1039
793,795,799
1184,1186,1191
1105,1108
980,982,983
977,978
1164,1167
724,725,726
955
1152,1155,1157,1159
1192,1198,1199
1091,1093,1095
832,834
806
643,645
618,619,621,622,623
634
717
723
687
664,669,670
1170,1173,1174
754
1047
821,822
698
934
1107,1110,1111
993,997,998,999
812
1096,1103
988,990
761,763,765
803,804
938,939
698
677,678,679

988,990
677,678,679
1177,1183
1139,1140
750
723
761,763,765
803,804
628
610,611
1034,1039
1064,1068,1069
848,849,850,851,855
777,778,781,782
794,798
1074
928,929,931,935
1147
612,614
608,609,613
761,763,765
1153,1154,1156
688,691,694
618,619,621,622,623
646
753
643,645
720,727
840,845
886
898,899,900,901
926
784
760,762,764,766
675,676
641,642
898,899,900,901
897
776,779

738,739,741
750
1042,1045
720,727
643,645
617,620
1034,1039
949
1081,1083
960,964,965
1141,1142


602,605,606
875,879
1052,1055
618,619,621,622,623
696,697,699,700,702,703
874,876
718
1050
1042,1045
1177,1183
1096,1103

649,652,653
1144,1148
1145,1146,1149,1151
853,854
785,786,787
934
1096,1103
1016,1018,1023
1003

913,914,919
864,868,869,870,871
796,797
993,997,998,999
803,804
736
666,667,668,671

745,748
680,681,682,683,686
664,669,670
1033,1035,1038
1026,1031
1132
768
729,734
768
930
922,927
1144,1148
932,933
802
1085,1087
812
1176,1178,1180,1181
1008,1015

735
1011,1013,1014
1166
610,611
963
1066
785,786,787
922,927
785,786,787
768
723
1193,1194,1195
1033,1035,1038
675,676
817,820
915
1144,1148
634
767
721,722
821,822
816,819,823
616
665
1192,1198,1199
746,747,749,751
988,990
754
981
1065,1070
1166
754
664,669,670
1032,1036,1037
1179
1056,1058,1062
1162,1163
626
794,798
1169,1175
813,814
602,605,606
904,909,911
1024,1027
1130,1131,1134
1128,1135
1091,1093,1095
1166
754
753
1177,1183
955
1098,1101
1033,1035,1038

1016,1018,1023
1166
1169,1175
937,941
930
1184,1186,1191
1152,1155,1157,1159
675,676
784
696,697,699,700,702,703
1020
963
1164,1167
1147
1132
1048,1053
651
1042,1045
1003
736
698
612,614
657,662,663
1170,1173,1174
980,982,983
1050
968
1136
984,989,991
915
918
736

1141,1142
806
988,990
666,667,668,671
898,899,900,901
735

608,609,613
898,899,900,901
1139,1140
784
752,755,756,758
970,971,972,975
1011,1013,1014
852
1184,1186,1191

977,978
915
940,942
753
744
616
737,743
915
1166
981
1075,1076
701
696,697,699,700,702,703
626
988,990
904,909,911


723
1182
648,655
986
969,973,974
1137,1138,1143
656,659
963
840,845
832,834

898,899,900,901
816,819,823
832,834
889,891,892,893,894

886
1166
1049,1051,1054
875,879
1010,1012
633,637,638
643,645
897
826,827
1130,1131,1134
752,755,756,758
754
874,876
689,692,693,695
650,654
635,636,639

898,899,900,901
857,859,862
1179
1136
690
648,655
612,614
853,854
794,798
1132
634
821,822

717

602,605,606
785,786,787
812
776,779
824
898,899,900,901

1162,1163

1060,1061
785,786,787
1147
1187,1188,1189
688,691,694
897
664,669,670

1096,1103
641,642
1177,1183
936,943
953,954,956,959
922,927
1130,1131,1134
723

930
1162,1163
1097,1099,1102
864,868,869,870,871
1085,1087
753
769,770,775
1028,1030
1137,1138,1143
754
1057,1063
796,797
757,759
840,845
930
675,676
1112,1114,1117
864,868,869,870,871
949
897
912,916,917
981


1009
875,879
953,954,956,959
930
1179
874,876
992,994,995,996
753
938,939
785,786,787
925
980,982,983
817,820
1176,1178,1180,1181
1084,1086
816,819,823
1169,1175
1160,1161,1165
1120,1121,1122
1184,1186,1191
1196
1147
1097,1099,1102
1016,1018,1023
800,801,805,807
701
1136
874,876
738,739,741

883,885
1073,1078
874,876
898,899,900,901
883,885
664,669,670

633,637,638
1176,1178,1180,1181
877,878
1010,1012
1084,1086
1164,1167
1152,1155,1157,1159
1056,1058,1062
1008,1015
890
784
646

813,814
817,820
643,645
1016,1018,1023
981
664,669,670
1009
690
649,652,653
993,997,998,999
1034,1039
737,743
926
896,902,903
937,941
675,676
861
853,854
752,755,756,758
776,779
780
988,990
687
635,636,639
701
646
824
872,873
1137,1138,1143
1160,1161,1165
1164,1167
932,933
1072,1077,1079
1032,1036,1037

1008,1015
861
1066

1164,1167
1141,1142
616
889,891,892,893,894
936,943
852
875,879
925
664,669,670
1100
750
600,607
701
925
812
1141,1142
896,902,903
800,801,805,807
898,899,900,901
949
635,636,639
1085,1087
1152,1155,1157,1159
768
754
905,906
958

672,673,674
627,629,630
861
937,941
736
769,770,775
1136
735

962,967
912,916,917
821,822
796,797
730,731,732,733
753
877,878
1088,1089,1092
970,971,972,975
784
1150
750
865
1184,1186,1191

736
856,858,863
696,697,699,700,702,703
601,604
696,697,699,700,702,703
610,611
724,725,726
752,755,756,758
1067,1071
1185,1190
1113,1115,1116
1125
955
1033,1035,1038
840,845
860
1060,1061
793,795,799
993,997,998,999
1067,1071
1001,1004,1006
646
1060,1061
1040,1043,1044,1046
1073,1078
618,619,621,622,623
1160,1161,1165
664,669,670
1107,1110,1111

1016,1018,1023
806

1120,1121,1122
633,637,638
634
1005,1007
717
1034,1039
793,795,799

884,887
877,878
1164,1167
1081,1083
608,609,613
848,849,850,851,855

771,772,774
988,990
877,878
785,786,787
1160,1161,1165
937,941
723

875,879
1105,1108
771,772,774
1028,1030
904,909,911
1144,1148
688,691,694
970,971,972,975
1048,1053
1104
1016,1018,1023
1182
1132
1170,1173,1174
643,645
1059
1008,1015

912,916,917
746,747,749,751
842,844,847
920,921,923,924
907
1113,1115,1116
750
633,637,638
912,916,917
936,943
724,725,726
601,604
802
720,727
1162,1163
926
816,819,823
848,849,850,851,855
1176,1178,1180,1181
1097,1099,1102
1084,1086
841,843,846
767
841,843,846
842,844,847
918
832,834

1034,1039
877,878
760,762,764,766
940,942
1028,1030
745,748
1032,1036,1037
1128,1135
840,845
898,899,900,901
736
908,910
1177,1183
940,942
1182
1168,1172
1184,1186,1191
1105,1108
1187,1188,1189
1060,1061
848,849,850,851,855


1003
1147
852
646
608,609,613
864,868,869,870,871
1137,1138,1143
848,849,850,851,855
1088,1089,1092
857,859,862
1001,1004,1006
750
1141,1142
