149
113,114,116,117,118
272,277,279
377,378,380,382,383
465,469,470
424,425,429,431
40

486
396
352
122,125
417,418,419,422,423
154,155,159
281,284


297,301
224
348,350
288,290
291,294
402
346,351
455
268
214,215
248,249,252,254,255
65
268
264,267
381
328,329
488,490,491,494
587,588
489,492
577,581,582
266,271
65
275,276
520,524,525,526
553,555,558
50,54
465,469,470
149
268
509
113,114,116,117,118
149
201,202
456,459,463
576,578,579

152,157,158
33,35
34,36,37,39
205,207
58,62,63
320,321,325,327
336,338,339,342,343
417,418,419,422,423

432,434
272,277,279
169
465,469,470
169
262,263
149
509
402
406,407
346,351
41,42,44,45
283,286,287
122,125
385
84,85,87
323,324
511
341
264,267

169
214,215
232,234,235,239
283,286,287
323,324

416
97
363

83
400,401,403,405
360,361,362,365,366,367

402
130,135
13,14
232,234,235,239
268
408
410
482,484,485,487
583
130,135
124,127
323,324
84,85,87
160,162,167
474,475,478
61
297,301
289
220,221
432,434
435,436
577,581,582
330,332,333
480,481
521
540,542
61

426,427,428,430

34,36,37,39
363

326
599
88,89,93
455
40
43,47
297,301
476
420
599
149
266,271
80,81
417,418,419,422,423
540,542
538,541,543
80,81
520,524,525,526
120,121
122,125
194
160,162,167
592,593,597
577,581,582
363
402
224
208,211,212
232,234,235,239
514,515
448,449,454
421
385
464

123,126
528
448,449,454
377,378,380,382,383
288,290
264,267

440,441,446
149
520,524,525,526
540,542
242,243
220,221
341
580
552,554
594,595,598
448,449,454
256,258,260
65
435,436
368
268
272,277,279
275,276

41,42,44,45
4,5,6
72,76,77
400,401,403,405
152,157,158
480,481
40
480,481

281,284
589,590
583
22
194
596
232,234,235,239

34,36,37,39
317
528
488,490,491,494
381
408
216,218,219,222
107
236
130,135
166
203
456,459,463
458,462
466,468
514,515
310
421
587,588
275,276
530,532,535
500,501
344,345
68,70
101

193,196
364
97
106,109
592,593,597
101
272,277,279
74,79
265,269,270
275,276
48,51,53
384,387,389,391
480,481
98,99,100,103
341
402


457
34,36,37,39
320,321,325,327

347,349
377,378,380,382,383
388,390
163,165
242,243
455
522,523,527
443,445,447
227,229
467,471
587,588
340
61
34,36,37,39
442,444
101
482,484,485,487
344,345
92,94,95


137,143
281,284
268
402
384,387,389,391
402
236
509
505,506,508,510
169
90,91
587,588

149
128,129,131
310
381
596
455
344,345
307,311
288,290
312,314,318,319
283,286,287
536,537
205,207
153
88,89,93
323,324
193,196
486
72,76,77
9,10
377,378,380,382,383
456,459,463
522,523,527
328,329
291,294
97
385
288,290
522,523,527
483
291,294
408
480,481
594,595,598
577,581,582
236
466,468
166
13,14
253
547,548
522,523,527
11,15
244,247
352
273
493,495
192,197,198
505,506,508,510
547,548

482,484,485,487

521
17,18,21

65
540,542
244,247
377,378,380,382,383
540,542
90,91
200,204,206
209,210
200,204,206
43,47
97
2
500,501
404
480,481
256,258,260
176
240,241,245,246
72,76,77
220,221
216,218,219,222
139,141,142
368
386
352
346,351
232,234,235,239
336,338,339,342,343

169
292,293,295
547,548
264,267

289
489,492
57,60
98,99,100,103
244,247
322
120,121
154,155,159

3,7
97
370,371,374
17,18,21
19,23
84,85,87
280,282,285
34,36,37,39
152,157,158
280,282,285
281,284
4,5,6
46
320,321,325,327
322
483
564,567
465,469,470

320,321,325,327

83
28
530,532,535
410
32
409,411,412,413
540,542
171
176
392,394,398
448,449,454
49,55
432,434
381
33,35
9,10
214,215
236
57,60
72,76,77
101
231
408
498,499,502,503
17,18,21
238
152,157,158
153
40
410
214,215
225,226,228,230
505,506,508,510
80,81
13,14
346,351
442,444
498,499,502,503
176

61
123,126
40
262,263
48,51,53
61
17,18,21
107
599
400,401,403,405
368
161,164
520,524,525,526
488,490,491,494
205,207
307,311

409,411,412,413
13,14

522,523,527

547,548
310

377,378,380,382,383
205,207
238
289
488,490,491,494
16,20
393,397,399
488,490,491,494
529,531,533,534
486
307,311
52
323,324
265,269,270

552,554
136,138,140
185,187,189,190
586,591
596
83
52
576,578,579
169
73,75,78
281,284
421
528
307,311
442,444
474,475,478

457
465,469,470
192,197,198
376,379

130,135
264,267
320,321,325,327
549,550,551
376,379
566
331,334,335
409,411,412,413
512,513,518
49,55

322
528
97
326
307,311
599
594,595,598
280,282,285

432,434
433
176

224
409,411,412,413
194
220,221
80,81
0,1
272,277,279
153
84,85,87
420
262,263
408
52
50,54
509
305,306
552,554
92,94,95
288,290
48,51,53
323,324
340
61
25,26,29
56,59
437,438,439
227,229
488,490,491,494
17,18,21
253

464
200,204,206
326
88,89,93
166
594,595,598
564,567
577,581,582
194
488,490,491,494
529,531,533,534
323,324
166
465,469,470

344,345
184,186,188,191
344,345
460,461
13,14
517,519
540,542

274,278
248,249,252,254,255
522,523,527
520,524,525,526
483
577,581,582
539
17,18,21
283,286,287
509
11,15
115
341
297,301
33,35
220,221
433
52
512,513,518
292,293,295


288,290
49,55
530,532,535
161,164
22
98,99,100,103
232,234,235,239
364

136,138,140
587,588
467,471
84,85,87
201,202
586,591
115
341

448,449,454
64,69,71
530,532,535

66,67
460,461
92,94,95
50,54
539
73,75,78
346,351

488,490,491,494
344,345
242,243
0,1
169
384,387,389,391
442,444
564,567
466,468
130,135
57,60
400,401,403,405
227,229
220,221

323,324
547,548
274,278
385
370,371,374
88,89,93

83
292,293,295

52
528
9,10
92,94,95

512,513,518

500,501

72,76,77
493,495
34,36,37,39
341
402
414,415
61
426,427,428,430
61

577,581,582
556
456,459,463
408
297,301
312,314,318,319
48,51,53
231
576,578,579
514,515
176
139,141,142
205,207
57,60
232,234,235,239
195,199
517,519
52
408
49,55
538,541,543
115
520,524,525,526
486
455
538,541,543
320,321,325,327
348,350
34,36,37,39
520,524,525,526
92,94,95
80,81
22
500,501
185,187,189,190
112
283,286,287
40
493,495
341
328,329
331,334,335
123,126
122,125
465,469,470

262,263
265,269,270
368
101
97

465,469,470
424,425,429,431
292,293,295
90,91
331,334,335
122,125
236
472,473
231
297,301
530,532,535
281,284
232,234,235,239
217,223
381
370,371,374
538,541,543
112
455
132,133,134
465,469,470

280,282,285
92,94,95
248,249,252,254,255
128,129,131
13,14
122,125
232,234,235,239
216,218,219,222
457
328,329
244,247
124,127
0,1
8,12
381

520,524,525,526
177,178,180,181,182
231
505,506,508,510

592,593,597
84,85,87
4,5,6
65
458,462
216,218,219,222
104,105

584,585
386
300
120,121
505,506,508,510
166
150,151
522,523,527
521
480,481
193,196
92,94,95
122,125
586,591
24,30,31
417,418,419,422,423
560,565
385
113,114,116,117,118
530,532,535
169
368
372,375
457
193,196
65
108,110,111
97
472,473
50,54
514,515
388,390
370,371,374
213
208,211,212

208,211,212
48,51,53
192,197,198
33,35
561,562,563
272,277,279

547,548
557,559
283,286,287
4,5,6
320,321,325,327
209,210
22
19,23
480,481
460,461
16,20
231
376,379

56,59
41,42,44,45
432,434
410
80,81
115
292,293,295
2
176
522,523,527
283,286,287
112
400,401,403,405
410
242,243
244,247
354
144,146,148
194
426,427,428,430
288,290
280,282,285
0,1
48,51,53
377,378,380,382,383
498,499,502,503
505,506,508,510
381
544,545,546
587,588
505,506,508,510
547,548
48,51,53
281,284
483
169
328,329
214,215
92,94,95
83
227,229
232,234,235,239
368
353,357
486
500,501
386
465,469,470
297,301
341
539
168,175
493,495
568,570
149
512,513,518
355,356,358,359

540,542
443,445,447
48,51,53
120,121
480,481
420
97
458,462
264,267
386
368

88,89,93
344,345
185,187,189,190
161,164
576,578,579
192,197,198
440,441,446
83
288,290
466,468
483
482,484,485,487
292,293,295
304,308,309
16,20
538,541,543
354
476
288,290
509
50,54
272,277,279
346,351
488,490,491,494
402
161,164
194
185,187,189,190
40
2
376,379
408
97
96,102
417,418,419,422,423
176
560,565
97
57,60
384,387,389,391
465,469,470
346,351
402
84,85,87
101
119
388,390
208,211,212
402
16,20
34,36,37,39
435,436
326
244,247
586,591

274,278
392,394,398
307,311
156

90,91
530,532,535
322
213
3,7
388,390
310
547,548
512,513,518
420
421
169
264,267
466,468
231

520,524,525,526
346,351
46
216,218,219,222
163,165
355,356,358,359
330,332,333
400,401,403,405
161,164
540,542

539
83
457
421
236
262,263
169
482,484,485,487
400,401,403,405
393,397,399
13,14
340
40

388,390
152,157,158
320,321,325,327
50,54
442,444
377,378,380,382,383
169
152,157,158
482,484,485,487
74,79
194
17,18,21
227,229
549,550,551
326
363

483
214,215
370,371,374
224

457
455
205,207
217,223
326
251
101
392,394,398
176
84,85,87
22
108,110,111
65
529,531,533,534
244,247
88,89,93
166
139,141,142
123,126
205,207
291,294
48,51,53

529,531,533,534
244,247
104,105
232,234,235,239
38
368
424,425,429,431
200,204,206
124,127
440,441,446
291,294
547,548
568,570
248,249,252,254,255
466,468
280,282,285
304,308,309
368
304,308,309
289
288,290
200,204,206
564,567
123,126
213
538,541,543
305,306
13,14
108,110,111
408
154,155,159
193,196
509
262,263
209,210
232,234,235,239
280,282,285
244,247

540,542
552,554
538,541,543
257,259,261
596
97

50,54

483
297,301
268
120,121
528
4,5,6
0,1
576,578,579
498,499,502,503
169
409,411,412,413
500,501
564,567
213

483
569,573,574,575
354
57,60
242,243
283,286,287
592,593,597
594,595,598
11,15
406,407
72,76,77

402
404
584,585
220,221
193,196
156
587,588
160,162,167
32
536,537
352
530,532,535
262,263
353,357
280,282,285
310
377,378,380,382,383
472,473
376,379
185,187,189,190
169
476
244,247
250
11,15
482,484,485,487

476
97
488,490,491,494
17,18,21
538,541,543
288,290
331,334,335
346,351

592,593,597
112
160,162,167
388,390

209,210
231
145,147
236
232,234,235,239
88,89,93
456,459,463
486
272,277,279
50,54
596
232,234,235,239
580
442,444
17,18,21
48,51,53
337
130,135
224
544,545,546
101
231
209,210
455
424,425,429,431
216,218,219,222
4,5,6
97
58,62,63
205,207
566
328,329
386
205,207
564,567
61
599
320,321,325,327
280,282,285
592,593,597
566
52
448,449,454

346,351
433
313
289
119
61
144,146,148
552,554
560,565
83

16,20
498,499,502,503
440,441,446
489,492
61

505,506,508,510
584,585
57,60
96,102
33,35
154,155,159
272,277,279
370,371,374
577,581,582
512,513,518
376,379
460,461
242,243
150,151

393,397,399
368
556
83
84,85,87
214,215
171
500,501
176
482,484,485,487
521
244,247
323,324

560,565
377,378,380,382,383
458,462
442,444
466,468
530,532,535

576,578,579
101
50,54
253
242,243
275,276
530,532,535
576,578,579
244,247
106,109
274,278
248,249,252,254,255
160,162,167

381
560,565
194
253
194
320,321,325,327
34,36,37,39
113,114,116,117,118
560,565

160,162,167
456,459,463
488,490,491,494
9,10
448,449,454
417,418,419,422,423
466,468
363
52
48,51,53
200,204,206
322


583
580
466,468
440,441,446
587,588
83
552,554
496,497
88,89,93
569,573,574,575
88,89,93
113,114,116,117,118
56,59
8,12
480,481
107
530,532,535
336,338,339,342,343
400,401,403,405
46
57,60
417,418,419,422,423
216,218,219,222
257,259,261
274,278
538,541,543
16,20
106,109
22
500,501
560,565
169
281,284
326
123,126
402
455
34,36,37,39
517,519
557,559
4,5,6

185,187,189,190
145,147
377,378,380,382,383
224

214,215

115
538,541,543
49,55
232,234,235,239
238
512,513,518
594,595,598
200,204,206
169
176
580
544,545,546
549,550,551
33,35

80,81
168,175
152,157,158
119
283,286,287

272,277,279
448,449,454
344,345
346,351
500,501
113,114,116,117,118
421
377,378,380,382,383
160,162,167
437,438,439
289
251
596
472,473
265,269,270
420
432,434

52
368
388,390
179,183
288,290
440,441,446
540,542
549,550,551
386

291,294
408

17,18,21
448,449,454
331,334,335
440,441,446
32
193,196
38
482,484,485,487
2
433
474,475,478
540,542
539
355,356,358,359
312,314,318,319
408

408
528
56,59
504,507

304,308,309
483
493,495
283,286,287
97
517,519

17,18,21
232,234,235,239
205,207
123,126
386
34,36,37,39
442,444
568,570
231
417,418,419,422,423
372,375
317
363
88,89,93
56,59
209,210
587,588
98,99,100,103
34,36,37,39
275,276
4,5,6
392,394,398
236
213
280,282,285
205,207
101
84,85,87
442,444
231
120,121
477,479
540,542
145,147
486
516
376,379
296,298,299,302,303
539

283,286,287
4,5,6
13,14
242,243


176
25,26,29
323,324


224
56,59
231
288,290
291,294
166
392,394,398
355,356,358,359
90,91
236
594,595,598

420
587,588
370,371,374
194
540,542
169
465,469,470
291,294
313
92,94,95
214,215
291,294
348,350
52
288,290
307,311
529,531,533,534
421
426,427,428,430
539
193,196
586,591
304,308,309
488,490,491,494
457
292,293,295
296,298,299,302,303
480,481
297,301
505,506,508,510
455
442,444
112
587,588
268
599
528
283,286,287
560,565
376,379
291,294
11,15
504,507
381
22
576,578,579
553,555,558
538,541,543
505,506,508,510
599
300
455
50,54
120,121

0,1
46
88,89,93
48,51,53
341
107
328,329
289
34,36,37,39

265,269,270
307,311
65
25,26,29
0,1
522,523,527
88,89,93
161,164
65

560,565
300
377,378,380,382,383
297,301
400,401,403,405
388,390
355,356,358,359
354
512,513,518
480,481
66,67
82,86
264,267
304,308,309
288,290
521
65
107
576,578,579
310
347,349
346,351
52
455
408
348,350

443,445,447
594,595,598
474,475,478
344,345
262,263
352
177,178,180,181,182
587,588
347,349
92,94,95
514,515
65
364
72,76,77
440,441,446

322

213
101
160,162,167
354
330,332,333
346,351
328,329
326
561,562,563
480,481

123,126
72,76,77
57,60
104,105
227,229
120,121
169
161,164
483

596
560,565
193,196
156
417,418,419,422,423
464
594,595,598
476
213
280,282,285
11,15
9,10
34,36,37,39
9,10
281,284
231
242,243
283,286,287
376,379
137,143
66,67
65
307,311
561,562,563
583
120,121
166
170,172,173,174
363
594,595,598
166
153
262,263

194
149
517,519
16,20
213
170,172,173,174
381
416
584,585
577,581,582
11,15

552,554

264,267
265,269,270
385
464
17,18,21
97

467,471
326
323,324
264,267
509
388,390
376,379
227,229

66,67

216,218,219,222
57,60

281,284
539
477,479
560,565
280,282,285

0,1
505,506,508,510
370,371,374
176
201,202
248,249,252,254,255
281,284
322

505,506,508,510
291,294
50,54
17,18,21
236
511
231
457
354
420


48,51,53
344,345
280,282,285
160,162,167
482,484,485,487
313
326
56,59
176
88,89,93
288,290
450,453
547,548
56,59
272,277,279

402
467,471
326
273
66,67
488,490,491,494
48,51,53
493,495
493,495
232,234,235,239
274,278
433
66,67
564,567
13,14
320,321,325,327

544,545,546
149
179,183
530,532,535
16,20
341
340
584,585
150,151
577,581,582
458,462
522,523,527
149
205,207
440,441,446
539
552,554
520,524,525,526
553,555,558
363
442,444
214,215
584,585
432,434
477,479
130,135
150,151
160,162,167
341
486
61
149
256,258,260
583
396
272,277,279
313
56,59
381
288,290
280,282,285
200,204,206
322
433
396
488,490,491,494

34,36,37,39
72,76,77
40
0,1
528
540,542
530,532,535
560,565
242,243
493,495
483

540,542
536,537
592,593,597
112
326
145,147
61
56,59
288,290
289

313
500,501
19,23
149
214,215
483
566
552,554
347,349
376,379
529,531,533,534
65
336,338,339,342,343
32
599
538,541,543
177,178,180,181,182
521
486
420
564,567
368
437,438,439
216,218,219,222
101
594,595,598
583
530,532,535
363
120,121
214,215
244,247

50,54
458,462
83
370,371,374
456,459,463
377,378,380,382,383
231
185,187,189,190
402
3,7

280,282,285
56,59
25,26,29
200,204,206
560,565
417,418,419,422,423
257,259,261
385
420
200,204,206
385
500,501
426,427,428,430
160,162,167
40
505,506,508,510

185,187,189,190
150,151
457
8,12
552,554
192,197,198
521
561,562,563
152,157,158
521
50,54
586,591
594,595,598
115
456,459,463


317
11,15
584,585
594,595,598
498,499,502,503
363

433
27


509
96,102
66,67
240,241,245,246
214,215
596
326
442,444
386
264,267
402
404
307,311

160,162,167
225,226,228,230
176
336,338,339,342,343
442,444
482,484,485,487
420
288,290
176
417,418,419,422,423
16,20
19,23

227,229
341

322
386
16,20
82,86
417,418,419,422,423
464

540,542
169
217,223
326
17,18,21
355,356,358,359
330,332,333
88,89,93
66,67
381

355,356,358,359
233,237
289
460,461
265,269,270
305,306
323,324
50,54
56,59
201,202

353,357
224
201,202
354
313
