1072,1077,1079
918
728
848,849,850,851,855
1150

962,967
949

875,879
651
793,795,799
825,829,830
1091,1093,1095
1075,1076
1026,1031
698
617,620

1141,1142
720,727
612,614
1145,1146,1149,1151
1192,1198,1199
920,921,923,924
915

717
833,836,839
800,801,805,807
889,891,892,893,894
886
1169,1175

617,620
718
658,660,661
825,829,830
1112,1114,1117
1107,1110,1111
1000,1002
960,964,965
1128,1135
1171
1074
1118
1009
880,881,882
918
792
651
1066
1085,1087
988,990
1072,1077,1079
1020
1150
953,954,956,959
803,804
842,844,847
1106,1109
968
841,843,846
1137,1138,1143
920,921,923,924
856,858,863
615
985,987

864,868,869,870,871
1158
912,916,917
1125
818
1011,1013,1014
730,731,732,733
632
938,939
1169,1175
950
783
832,834
977,978
826,827
968
1024,1027
835,838

866,867
890
1105,1108
1113,1115,1116
769,770,775
1119
773
718
1020
771,772,774
656,659
1137,1138,1143
890
841,843,846
908,910
907
890
1072,1077,1079
946,947
842,844,847
808,810,811
1171
1169,1175
1185,1190
952,957
633,637,638
1129,1133
1028,1030
746,747,749,751
949
746,747,749,751
665
841,843,846
1125
744
684,685
968
1050
615
610,611
624,625,631
1024,1027
1020
889,891,892,893,894
976,979
958

1147
922,927

1196
832,834
940,942
937,941
837
794,798
721,722

1024,1027
1166
746,747,749,751
1150
651
821,822
1056,1058,1062
1106,1109
1059
690
705
601,604
1052,1055
1072,1077,1079
926
932,933
1026,1031
1059
865

740,742
783
610,611
1118
1128,1135
1185,1190
665

1000,1002
617,620
880,881,882
1147

640,644,647
1085,1087
1084,1086
1125
771,772,774
783
937,941
666,667,668,671
1128,1135
1003
701
1057,1063
701
1052,1055
688,691,694
792
800,801,805,807
632
889,891,892,893,894
698

913,914,919
800,801,805,807
600,607
1040,1043,1044,1046
952,957
955
961,966
1185,1190

783
600,607
833,836,839
984,989,991
705
1017,1019,1021,1022
1139,1140
977,978

809,815
1118
769,770,775
1192,1198,1199
705
730,731,732,733
632
1072,1077,1079
602,605,606
1184,1186,1191
1072,1077,1079

1197
1119
1119

783
800,801,805,807
1171
1081,1083
610,611
628
977,978
740,742

940,942
1197
696,697,699,700,702,703
992,994,995,996
641,642
752,755,756,758
802
1011,1013,1014
890
866,867

1072,1077,1079
833,836,839
913,914,919
1049,1051,1054
985,987
877,878

958
1047
1041
1075,1076
1066
860
658,660,661

1072,1077,1079
600,607
684,685
1193,1194,1195

908,910
958
601,604
1153,1154,1156
713,714,715,716
1192,1198,1199

1040,1043,1044,1046

825,829,830
808,810,811
932,933
627,629,630
984,989,991
792
1000,1002
841,843,846
840,845
1052,1055
981
777,778,781,782
1113,1115,1116
837
1000,1002
992,994,995,996
1000,1002
860
875,879
1196
955
833,836,839
780
806
1047
809,815
825,829,830
962,967
712,719
950
988,990
1003
696,697,699,700,702,703
825,829,830
776,779
984,989,991
1066

785,786,787
651
688,691,694
976,979
1096,1103
1125
932,933
788,789,790,791
761,763,765

1047
657,662,663
934
1104

880,881,882
920,921,923,924
886
813,814
806
767
835,838
1072,1077,1079
717
1104
665
928,929,931,935
1145,1146,1149,1151

757,759
800,801,805,807
806
754
783
913,914,919
1085,1087
1096,1103
1010,1012
1005,1007
950
1184,1186,1191
1056,1058,1062
1084,1086
1104
860

723
744
835,838
1123,1124,1127
1162,1163
828,831
785,786,787
976,979

1090,1094
1197
908,910
907
944,945,948,951

718
904,909,911
1003
1020
1056,1058,1062
841,843,846
610,611
771,772,774
608,609,613
624,625,631
600,607
684,685
992,994,995,996
1066
826,827
750
1026,1031
771,772,774
792
1187,1188,1189
684,685
601,604
1104
1081,1083
666,667,668,671
842,844,847
746,747,749,751

717
610,611
1040,1043,1044,1046

960,964,965
641,642
886
940,942
768
633,637,638
1120,1121,1122
1126

773
1003
1059
1169,1175
624,625,631

672,673,674
1064,1068,1069

1125
680,681,682,683,686
657,662,663
777,778,781,782
835,838
1090,1094
1112,1114,1117
1125
1196
754
656,659
938,939
826,827
824
1106,1109
808,810,811
1072,1077,1079
1032,1036,1037

813,814
803,804
723
1125
712,719
866,867
1182
826,827
1098,1101
1158
1120,1121,1122
860
658,660,661
1119
1164,1167
777,778,781,782
875,879
962,967
1098,1101
728
1026,1031
1106,1109
1123,1124,1127
792
985,987
1158
1120,1121,1122
1158
1152,1155,1157,1159
1145,1146,1149,1151
745,748
656,659
1048,1053
658,660,661
889,891,892,893,894
1047
1097,1099,1102
1064,1068,1069
848,849,850,851,855
1106,1109
877,878
744
745,748
825,829,830
776,779
883,885
1048,1053
704,707,708,709
1010,1012
698
735
1128,1135
1129,1133

1113,1115,1116
1003
1187,1188,1189
961,966
806
1145,1146,1149,1151
1126
684,685

610,611
1168,1172
601,604
602,605,606
946,947
793,795,799
969,973,974
615
922,927
615
1150


672,673,674
721,722
963
718
1064,1068,1069
705
1177,1183
969,973,974

883,885
665

1005,1007
1097,1099,1102
1176,1178,1180,1181
976,979
932,933

883,885
961,966
1052,1055
886
808,810,811

890
809,815
837
769,770,775
1112,1114,1117
985,987
1106,1109
1150
1106,1109
992,994,995,996
875,879
950
704,707,708,709
984,989,991
1065,1070
926
1085,1087
886
905,906
730,731,732,733
904,909,911
969,973,974
649,652,653
803,804
1098,1101
1145,1146,1149,1151
1150
884,887
928,929,931,935
608,609,613
809,815
926
953,954,956,959

1041
601,604
687
601,604
628
1057,1063
1177,1183
825,829,830

806
809,815

848,849,850,851,855
728
857,859,862

785,786,787
1059

1003

1056,1058,1062
813,814

1059
952,957
953,954,956,959
746,747,749,751
728
1097,1099,1102
1084,1086
1123,1124,1127
624,625,631
1145,1146,1149,1151
1179
841,843,846
603

704,707,708,709
757,759
853,854
968
848,849,850,851,855
969,973,974
1075,1076
792
806
962,967

962,967
1052,1055

624,625,631
960,964,965
981
617,620

721,722
1000,1002
768
728
740,742
1009

602,605,606
984,989,991
745,748
788,789,790,791
937,941
610,611
1017,1019,1021,1022
1017,1019,1021,1022
913,914,919
1169,1175
1171
1020
757,759
649,652,653
718
803,804
806
920,921,923,924
842,844,847
713,714,715,716
1026,1031
1085,1087
985,987
884,887

1056,1058,1062
1034,1039
728
874,876
730,731,732,733
961,966

835,838
1193,1194,1195
1123,1124,1127
1057,1063
689,692,693,695
913,914,919
1107,1110,1111
925
877,878

1153,1154,1156
841,843,846
860
803,804
809,815
1003

809,815
962,967
883,885
1003
728
776,779
777,778,781,782
735
769,770,775
1164,1167
649,652,653
632
1169,1175
1106,1109
773
632
880,881,882
856,858,863
712,719
835,838
624,625,631
612,614
1193,1194,1195
1169,1175
666,667,668,671
1028,1030
860
672,673,674
960,964,965
1100
718
776,779
1119
1158
752,755,756,758
1130,1131,1134
824
1136
925
926
835,838
932,933
640,644,647
687
1097,1099,1102
735
1052,1055
1016,1018,1023
841,843,846
646
783
952,957

1182
860
950
1097,1099,1102
920,921,923,924
1090,1094
1107,1110,1111
665
944,945,948,951
968
960,964,965
698
777,778,781,782
888,895
1105,1108
826,827
926
1106,1109
981
960,964,965
898,899,900,901
960,964,965
1139,1140

932,933
1112,1114,1117
1074
788,789,790,791
665
632
1196
610,611
666,667,668,671
649,652,653

1075,1076
712,719
615
1010,1012
717
1179
1010,1012
1011,1013,1014
833,836,839

752,755,756,758

835,838
1073,1078
888,895
1169,1175
888,895
628
615
806

1064,1068,1069
984,989,991
665
1128,1135
949
1097,1099,1102
1075,1076
780
777,778,781,782
1052,1055
1106,1109
1057,1063
818
705
992,994,995,996
950
724,725,726
1105,1108
949
961,966
842,844,847
890
930


1075,1076
1169,1175

601,604
788,789,790,791
824
992,994,995,996
757,759
720,727
961,966
809,815

841,843,846
777,778,781,782
624,625,631
1185,1190
640,644,647
883,885

635,636,639
922,927
687
922,927
735
603

1185,1190
737,743
1193,1194,1195
796,797
1064,1068,1069
1126
1145,1146,1149,1151
1097,1099,1102
1169,1175
684,685
922,927
883,885
730,731,732,733
825,829,830
717
656,659
833,836,839
802
977,978
860
952,957
913,914,919
740,742
818
977,978
976,979
841,843,846
1125
1003
783
1171
952,957
640,644,647
1169,1175
648,655
608,609,613
1003
960,964,965
704,707,708,709
730,731,732,733
824
777,778,781,782
1011,1013,1014

656,659
986
952,957
1113,1115,1116
1009
1008,1015
976,979
860
952,957
856,858,863
908,910
768
617,620
1081,1083
651
889,891,892,893,894

1100
602,605,606
842,844,847
925
1085,1087
824
651
684,685
883,885
705
950
926
883,885
610,611
883,885

937,941
1145,1146,1149,1151
737,743
793,795,799
757,759
1000,1002
825,829,830

657,662,663
866,867
925
746,747,749,751
818
1104
1197
883,885
920,921,923,924
744
1112,1114,1117
968
888,895
1059
940,942
1056,1058,1062
610,611

907
1169,1175
1091,1093,1095
1158
1153,1154,1156
920,921,923,924
1060,1061
632
1059
704,707,708,709
842,844,847
627,629,630
880,881,882
648,655
780
704,707,708,709
690
962,967
963
1056,1058,1062
907
1197
730,731,732,733
1158
1119
803,804
641,642

634
777,778,781,782
912,916,917
1075,1076
938,939
745,748
950
940,942
656,659
684,685
918
651
920,921,923,924
745,748
713,714,715,716
1011,1013,1014
833,836,839
889,891,892,893,894
937,941
1112,1114,1117
1169,1175
1009
1059
746,747,749,751
740,742
713,714,715,716
632
969,973,974

1169,1175
1113,1115,1116
825,829,830
1145,1146,1149,1151
705
666,667,668,671
648,655
717
809,815
913,914,919
968

944,945,948,951
1057,1063
666,667,668,671
1130,1131,1134
649,652,653
803,804
720,727
728

986
728
720,727
883,885
650,654
773

886
1005,1007
976,979
740,742
856,858,863
877,878
1193,1194,1195
1177,1183
624,625,631
1130,1131,1134
1040,1043,1044,1046

824
1177,1183
1158
1152,1155,1157,1159
856,858,863
936,943
721,722
767
746,747,749,751
1073,1078
1064,1068,1069
1153,1154,1156
946,947
861
866,867
949
826,827
1112,1114,1117
712,719
837
824
802
608,609,613
721,722
792
872,873
1047
753
1171
1032,1036,1037
952,957
612,614
835,838
634
888,895
1197
1169,1175
884,887
952,957
932,933

1184,1186,1191
649,652,653
615
728
610,611
717
1144,1148
1128,1135
1005,1007
952,957
915
889,891,892,893,894
904,909,911
615
1090,1094
1125
1160,1161,1165
880,881,882
1123,1124,1127
961,966

1072,1077,1079
627,629,630
1056,1058,1062
928,929,931,935
1057,1063
898,899,900,901

1160,1161,1165
602,605,606
861
792
794,798
1129,1133
1141,1142
1145,1146,1149,1151
675,676
1193,1194,1195
841,843,846
740,742
856,858,863
880,881,882
612,614
1125
808,810,811
666,667,668,671
824
744
1026,1031
788,789,790,791
824
1169,1175
808,810,811

760,762,764,766
1026,1031
664,669,670
1010,1012
1025,1029
1085,1087
936,943
968
808,810,811
665
1097,1099,1102
650,654
640,644,647
884,887
980,982,983

1119

897
976,979

824
835,838
944,945,948,951
938,939
752,755,756,758
833,836,839
926
1168,1172


1085,1087
1025,1029
969,973,974
926
940,942
1179
718
1158
1185,1190

657,662,663
665

853,854
730,731,732,733
677,678,679
828,831
1084,1086
1009
784
1112,1114,1117

808,810,811
1153,1154,1156
1158

913,914,919

1075,1076
1057,1063
837
794,798
608,609,613
1105,1108
1112,1114,1117
634
1125
1162,1163
1169,1175
1090,1094
908,910
736
946,947
865

1033,1035,1038
1059
701
1020
1041
1129,1133
1042,1045
960,964,965
928,929,931,935
1171
651
783

757,759
737,743
769,770,775
785,786,787
984,989,991
986
608,609,613
1136
651
744

1169,1175
1112,1114,1117
752,755,756,758
1072,1077,1079

890
615
925
1105,1108
1000,1002
970,971,972,975
744
968
946,947
783
730,731,732,733
773

861
1011,1013,1014
1139,1140
880,881,882
1000,1002
922,927
1073,1078
1052,1055
738,739,741

993,997,998,999
925
861
1074
877,878
1129,1133
977,978
705
701
809,815
689,692,693,695
1075,1076
1152,1155,1157,1159
992,994,995,996
1050
944,945,948,951
649,652,653

848,849,850,851,855
809,815
792
809,815
1170,1173,1174
856,858,863
1126

993,997,998,999
1075,1076
930
717
646
1171
816,819,823


610,611
729,734
648,655
736
985,987
769,770,775
944,945,948,951
955
1145,1146,1149,1151
1144,1148
600,607

698
646
944,945,948,951
648,655
624,625,631
949
960,964,965
1042,1045
740,742
1182
1003
1042,1045
968
952,957
1011,1013,1014

1171
1132
824
627,629,630
793,795,799
1056,1058,1062
837
634
835,838
806
952,957
953,954,956,959
1026,1031
1150
1197
701
1112,1114,1117
718
908,910
904,909,911
992,994,995,996
1113,1115,1116
918
915
704,707,708,709
1091,1093,1095
1026,1031
1088,1089,1092
721,722
754
651
615
632
753

1057,1063
1097,1099,1102
740,742
1169,1175
1118
1056,1058,1062
752,755,756,758
665
1164,1167
777,778,781,782
769,770,775
824
837
940,942
718

833,836,839
889,891,892,893,894
698
888,895
735
952,957
915
1064,1068,1069

1105,1108
1184,1186,1191
651
769,770,775
985,987
1009
780
750
698
1084,1086
792
610,611
1000,1002
641,642
977,978
757,759
841,843,846
856,858,863
792
777,778,781,782
1064,1068,1069
920,921,923,924
1024,1027
717
946,947
952,957
1052,1055
976,979
824
1024,1027
865
608,609,613
962,967
1097,1099,1102
825,829,830
738,739,741
976,979

601,604
918
992,994,995,996
981
888,895
840,845
828,831

665
961,966
1105,1108
1059
925
932,933
1085,1087
925
985,987
988,990
984,989,991
857,859,862
950
890
1075,1076

962,967
1047
992,994,995,996

773
1072,1077,1079
808,810,811
861
1057,1063
721,722
833,836,839

1026,1031
1011,1013,1014
826,827

1120,1121,1122
1112,1114,1117
617,620
977,978

1074
977,978
861
826,827
889,891,892,893,894
1010,1012
768
610,611

809,815
624,625,631
792

888,895
913,914,919
1010,1012

1197

712,719
768
808,810,811
802
1105,1108
913,914,919
704,707,708,709

1123,1124,1127
955
713,714,715,716
1105,1108
1106,1109
1049,1051,1054

687
886
928,929,931,935
1197
1171

704,707,708,709
1171
689,692,693,695
656,659
1017,1019,1021,1022
1185,1190
1184,1186,1191
984,989,991
608,609,613
886
680,681,682,683,686
865
832,834
658,660,661

940,942
889,891,892,893,894

1153,1154,1156
952,957
643,645
698
696,697,699,700,702,703
792
615
603
1042,1045

773
777,778,781,782
603
1185,1190
1080,1082
883,885
761,763,765
888,895
896,902,903
1057,1063
760,762,764,766
1128,1135
617,620
1059
776,779
603
1040,1043,1044,1046


1072,1077,1079
602,605,606

1196
1150
1091,1093,1095
773
735
1040,1043,1044,1046
880,881,882
1024,1027
615
926
1104
866,867
1107,1110,1111
1026,1031
985,987
889,891,892,893,894
848,849,850,851,855
1125
1120,1121,1122
718
684,685
1185,1190
946,947
925
922,927
768
616
704,707,708,709
656,659
926
1025,1029
730,731,732,733
821,822
1052,1055
890
705
1187,1188,1189
922,927
730,731,732,733
608,609,613
946,947
826,827
800,801,805,807
837
690
1017,1019,1021,1022
976,979
968
1074
712,719
666,667,668,671

1033,1035,1038
886
1176,1178,1180,1181
1047
1060,1061
640,644,647
808,810,811
1017,1019,1021,1022
1032,1036,1037
615

769,770,775
773
976,979
688,691,694
1090,1094
1130,1131,1134
718

888,895
628
962,967
812
1104
601,604
705
1075,1076
809,815
648,655
773
1008,1015
1150
1104
730,731,732,733
898,899,900,901
1011,1013,1014
889,891,892,893,894
1011,1013,1014
1197
888,895
1008,1015
926
684,685
792
842,844,847
651
684,685
740,742
737,743
952,957
988,990
717
689,692,693,695
788,789,790,791
907
866,867
640,644,647
746,747,749,751
720,727
833,836,839
1072,1077,1079

1182
1128,1135
1081,1083
944,945,948,951
784
961,966
986
889,891,892,893,894
723
1193,1194,1195
656,659
961,966
1001,1004,1006

1028,1030
788,789,790,791
750
984,989,991

640,644,647
1169,1175
603
1158
922,927
783
705

962,967
738,739,741
1125
735
866,867

940,942
1010,1012

1119
1026,1031
1066
865
904,909,911
1064,1068,1069
918
745,748
724,725,726
1185,1190
808,810,811
824
988,990
1105,1108
658,660,661
615
1168,1172
610,611
612,614
952,957
602,605,606

1185,1190
860
952,957
793,795,799
672,673,674
833,836,839
802
1017,1019,1021,1022
1016,1018,1023
969,973,974
880,881,882
721,722
802
1123,1124,1127
1162,1163

689,692,693,695
658,660,661
657,662,663
913,914,919
1009
985,987
769,770,775
666,667,668,671
704,707,708,709
856,858,863
1139,1140
783

865

1000,1002
960,964,965
944,945,948,951
824
757,759
826,827
615
675,676
1085,1087
1104
1074
1064,1068,1069
601,604
752,755,756,758
968
920,921,923,924
648,655
872,873
601,604
949
824
1059
730,731,732,733
680,681,682,683,686
992,994,995,996
1040,1043,1044,1046
780
738,739,741

852
608,609,613
1074
730,731,732,733
729,734
608,609,613
761,763,765
602,605,606

969,973,974
968
632


1003
950
1020
940,942
1065,1070
793,795,799
940,942
925
958
649,652,653
821,822
837
913,914,919
610,611
684,685

1130,1131,1134
1158
1125
793,795,799
745,748

1139,1140
920,921,923,924
1032,1036,1037
1125

728
720,727
1097,1099,1102
1136
977,978
889,891,892,893,894
809,815
648,655
886
684,685
783
602,605,606
977,978
962,967
961,966

913,914,919

601,604
696,697,699,700,702,703
1185,1190
1024,1027
968
1197
984,989,991
793,795,799
883,885
918
768
792
600,607
684,685
704,707,708,709
624,625,631
808,810,811
988,990
1010,1012
1196
651
688,691,694
1074

768
785,786,787
884,887

1185,1190

1047
969,973,974
1105,1108
1104
1047

1158
984,989,991
752,755,756,758

757,759
737,743
1105,1108
1184,1186,1191
985,987

610,611
793,795,799
603
1080,1082
1119
1118
809,815
824
769,770,775
793,795,799
1059
1009
615
612,614
752,755,756,758
1196
640,644,647
958
1059
1182

874,876
824




1150
728
1066
1171
1096,1103
841,843,846

650,654
672,673,674
1197

1104

1009
1050
657,662,663
777,778,781,782
1158
1152,1155,1157,1159
1158
680,681,682,683,686
922,927
860
712,719
633,637,638
918
610,611
1090,1094
1106,1109
718
932,933
913,914,919
796,797
1075,1076
1057,1063
1171
618,619,621,622,623
1125
1162,1163
713,714,715,716
1067,1071

913,914,919
1003
687
835,838
1136
1158

627,629,630
832,834
1003
1132
777,778,781,782
1130,1131,1134
780
1104
783

