608,609,613
1090,1094
918
955
1123,1124,1127
1064,1068,1069
963
657,662,663
600,607
970,971,972,975
627,629,630
977,978
1052,1055
769,770,775
701
877,878
641,642
925
617,620
724,725,726
932,933
646
928,929,931,935
1008,1015
701
649,652,653
738,739,741
744
826,827
920,921,923,924
962,967
729,734
826,827
1164,1167
925
962,967
720,727
608,609,613
603
627,629,630
857,859,862
1047
970,971,972,975
1096,1103
677,678,679
677,678,679
1064,1068,1069
1123,1124,1127
704,707,708,709
1008,1015
955
757,759
803,804
962,967
1088,1089,1092
937,941
627,629,630
757,759
907
1096,1103
818
729,734
803,804
976,979
866,867
796,797
1009
1016,1018,1023
615
825,829,830
729,734
800,801,805,807
785,786,787
962,967

1074
1107,1110,1111
1176,1178,1180,1181
752,755,756,758
1052,1055
937,941
1009
984,989,991
1096,1103
944,945,948,951
641,642
1016,1018,1023
690
833,836,839
826,827
808,810,811
913,914,919
712,719
1107,1110,1111
656,659
608,609,613
665
701
753
808,810,811
803,804
984,989,991

866,867
752,755,756,758
1107,1110,1111
884,887
874,876
618,619,621,622,623
1017,1019,1021,1022
1074
1008,1015
1129,1133

1064,1068,1069


784
1064,1068,1069
806
826,827
866,867
950
769,770,775
818
856,858,863
1164,1167
1197

800,801,805,807
918

677,678,679
704,707,708,709
624,625,631
1164,1167
865
1088,1089,1092
696,697,699,700,702,703
784
1052,1055
992,994,995,996
1000,1002
1107,1110,1111
1176,1178,1180,1181
920,921,923,924
601,604
808,810,811
745,748
1009
1193,1194,1195
1026,1031
720,727
1090,1094
918
757,759
705
1088,1089,1092
1091,1093,1095
818
1064,1068,1069
874,876
1074
896,902,903
1026,1031
930
918
1107,1110,1111
890
1193,1194,1195
1010,1012
690
1096,1103
1009
937,941
1112,1114,1117
955
705
1187,1188,1189
976,979
1107,1110,1111

940,942

880,881,882
897

877,878

785,786,787
784
977,978
615
1171
721,722
1187,1188,1189
803,804
952,957
1182
808,810,811
866,867
984,989,991
1001,1004,1006
737,743
1123,1124,1127
1197
745,748
955
744
677,678,679
1119
745,748
1065,1070
771,772,774
1075,1076
1017,1019,1021,1022
962,967
1119
825,829,830
1048,1053
730,731,732,733
740,742
808,810,811
890
665
915
1032,1036,1037
1065,1070
664,669,670
803,804
753
932,933
784
926
1192,1198,1199
696,697,699,700,702,703

1112,1114,1117
955

784
1074
761,763,765
1008,1015
1008,1015
937,941
944,945,948,951
664,669,670
984,989,991
745,748
738,739,741
1171
1065,1070
757,759
932,933
769,770,775
1026,1031
925
937,941
745,748

740,742
904,909,911
940,942
856,858,863
1057,1063
1187,1188,1189
1016,1018,1023
1176,1178,1180,1181
1192,1198,1199
608,609,613
1032,1036,1037
1197
701
915
950
896,902,903
796,797
915
1057,1063
832,834
1075,1076
634

608,609,613
615

635,636,639
930
641,642
646
890
897
1176,1178,1180,1181
1197
705
643,645
806
818
665
704,707,708,709
915
925
1052,1055
608,609,613
1164,1167
1123,1124,1127
1169,1175
940,942

865
818
690
1096,1103
730,731,732,733
1026,1031
776,779
783
915
696,697,699,700,702,703
1139,1140


785,786,787
874,876
1187,1188,1189
1075,1076
944,945,948,951
1064,1068,1069
656,659
986
712,719
701
864,868,869,870,871
833,836,839
865
1171
800,801,805,807
918
1119
603
1088,1089,1092
737,743
1169,1175
963
1137,1138,1143
752,755,756,758
826,827
1139,1140
627,629,630
729,734
904,909,911
729,734
1024,1027

684,685
1026,1031

696,697,699,700,702,703
627,629,630
1096,1103
696,697,699,700,702,703
768
603
658,660,661
896,902,903
1096,1103
904,909,911
1057,1063
1057,1063
643,645
1026,1031
918
1047
874,876
1017,1019,1021,1022
635,636,639
1017,1019,1021,1022
1091,1093,1095
1123,1124,1127
730,731,732,733
1177,1183
1112,1114,1117
643,645
696,697,699,700,702,703
745,748
745,748

818
1008,1015
962,967
1000,1002
1009
950
915
784
992,994,995,996
1177,1183
884,887
738,739,741
1119
950
705
1192,1198,1199
757,759

745,748
712,719
627,629,630
753
768
896,902,903
632
1000,1002

928,929,931,935
897
938,939
641,642

656,659
1008,1015
984,989,991

721,722
1010,1012
656,659
677,678,679
730,731,732,733
1047
1026,1031
981
1193,1194,1195
684,685
932,933
738,739,741
984,989,991
1112,1114,1117
771,772,774
963
680,681,682,683,686
784
1192,1198,1199
730,731,732,733
897
771,772,774
632
649,652,653
601,604

618,619,621,622,623
803,804
915
1009
1176,1178,1180,1181
1187,1188,1189
890
1139,1140
721,722
1129,1133
992,994,995,996
1057,1063
981
635,636,639
1026,1031
806
1129,1133
880,881,882
950
690
884,887
646
664,669,670
658,660,661
1048,1053
1193,1194,1195
1016,1018,1023
1152,1155,1157,1159
913,914,919
705
864,868,869,870,871
926
1047
1088,1089,1092
723
1139,1140
1193,1194,1195
915
785,786,787
740,742
776,779
1047
1176,1178,1180,1181
833,836,839

612,614
1164,1167
806
643,645
1091,1093,1095
1047
745,748
952,957
627,629,630
1064,1068,1069
806
608,609,613
1052,1055
1169,1175
832,834
993,997,998,999
897
649,652,653
657,662,663
821,822
1193,1194,1195
1016,1018,1023
1001,1004,1006
1096,1103
1064,1068,1069
955
1047
684,685
1047
970,971,972,975
1048,1053
930
866,867
1112,1114,1117
1016,1018,1023
896,902,903


1107,1110,1111
986
657,662,663
1065,1070
1016,1018,1023
1193,1194,1195
1010,1012
953,954,956,959
825,829,830
1107,1110,1111
970,971,972,975
1164,1167
821,822
641,642
984,989,991
938,939
1008,1015
857,859,862
1112,1114,1117
796,797
890
1171
656,659
740,742
601,604
928,929,931,935
1074
864,868,869,870,871
1008,1015
601,604
937,941
601,604
603
1107,1110,1111
720,727

677,678,679
1197

992,994,995,996
977,978
721,722
752,755,756,758
818

753

617,620
641,642
952,957
712,719
1026,1031
938,939
890
721,722
738,739,741
1169,1175
1107,1110,1111
897
963

1067,1071
618,619,621,622,623
825,829,830
737,743
737,743
1008,1015
784
993,997,998,999
826,827
832,834
1096,1103
664,669,670
690
1026,1031
721,722
603
730,731,732,733
646

1193,1194,1195
821,822
680,681,682,683,686
953,954,956,959
953,954,956,959
657,662,663
1090,1094
1080,1082
744
960,964,965
744
757,759
730,731,732,733

1112,1114,1117
821,822
738,739,741
1001,1004,1006
1026,1031
1074
771,772,774
955
677,678,679
1160,1161,1165
1119
926
1032,1036,1037
976,979
658,660,661
938,939
744
646
953,954,956,959
768
624,625,631
993,997,998,999
757,759
1032,1036,1037
1164,1167
808,810,811
856,858,863
1112,1114,1117
1096,1103
884,887
986
800,801,805,807
918
705

896,902,903
730,731,732,733
721,722
937,941
740,742
833,836,839
783
665
690
608,609,613
826,827
738,739,741
963
649,652,653
940,942
897
1176,1178,1180,1181
925
753
818
984,989,991
918
753
1139,1140
1017,1019,1021,1022
1193,1194,1195
618,619,621,622,623
783
1096,1103
1182
745,748
745,748
826,827
944,945,948,951
701
618,619,621,622,623
1091,1093,1095
932,933
1090,1094
665

723
1152,1155,1157,1159

730,731,732,733
603
986
1169,1175
677,678,679
803,804
962,967
897
897
890
752,755,756,758
952,957
874,876
818
783

776,779
1192,1198,1199
1067,1071
608,609,613
641,642
608,609,613
864,868,869,870,871
696,697,699,700,702,703
1064,1068,1069
928,929,931,935
658,660,661
938,939
981
920,921,923,924
632
665
960,964,965
1010,1012
937,941
796,797
920,921,923,924
784
796,797
821,822
993,997,998,999
1112,1114,1117
1088,1089,1092
658,660,661
1119
684,685
992,994,995,996
1009
617,620
601,604
1139,1140
1047
643,645
635,636,639
896,902,903
1123,1124,1127
1048,1053
696,697,699,700,702,703
1176,1178,1180,1181
737,743
970,971,972,975
705
856,858,863
977,978
1171
752,755,756,758
984,989,991
1152,1155,1157,1159
864,868,869,870,871
1107,1110,1111
1169,1175
960,964,965
800,801,805,807
1080,1082
656,659
1182
1137,1138,1143
1032,1036,1037
884,887
608,609,613
1065,1070
701
952,957
1123,1124,1127
938,939
649,652,653
938,939
1169,1175

680,681,682,683,686
753
896,902,903
1017,1019,1021,1022
1091,1093,1095
932,933
641,642
634
992,994,995,996
940,942
1169,1175
1000,1002
897
677,678,679
960,964,965
680,681,682,683,686
955
1193,1194,1195
753
1088,1089,1092

643,645
1193,1194,1195
769,770,775
684,685
601,604
634
976,979
1160,1161,1165
981
913,914,919
643,645
865
940,942
864,868,869,870,871
1112,1114,1117
769,770,775
646
970,971,972,975
1047
696,697,699,700,702,703
1177,1183
986
1057,1063
1091,1093,1095
896,902,903
938,939
632
897
783
769,770,775
658,660,661
970,971,972,975
600,607
1008,1015
937,941
874,876
729,734
608,609,613
600,607
677,678,679
664,669,670
730,731,732,733
821,822
769,770,775
896,902,903

803,804
984,989,991
1009
761,763,765
1137,1138,1143
753
865
1052,1055
632
723
992,994,995,996
658,660,661
721,722
960,964,965
955
937,941
818
866,867
632
1000,1002
874,876
992,994,995,996
1017,1019,1021,1022
646
940,942
752,755,756,758
677,678,679
932,933
738,739,741
657,662,663

634
833,836,839
721,722
720,727
857,859,862
1119
1088,1089,1092
632
1119

677,678,679
833,836,839
646
664,669,670
712,719
938,939
752,755,756,758
864,868,869,870,871
641,642
821,822
635,636,639
1016,1018,1023
960,964,965
723
721,722
950
634
918


646
884,887
986
1052,1055
1169,1175
1182
618,619,621,622,623
608,609,613
696,697,699,700,702,703

1016,1018,1023
884,887
986
970,971,972,975

1193,1194,1195
1047
658,660,661
937,941

796,797
632
955
938,939
826,827
1064,1068,1069
1096,1103
1032,1036,1037
1187,1188,1189
646
632
783
1032,1036,1037
1193,1194,1195
1074
962,967
944,945,948,951
617,620
677,678,679
826,827
696,697,699,700,702,703
800,801,805,807
1160,1161,1165
712,719
1126
825,829,830
1074
776,779
1137,1138,1143
657,662,663
680,681,682,683,686
1017,1019,1021,1022
723
897
1126
984,989,991
930
1192,1198,1199
962,967

1010,1012
796,797
745,748
704,707,708,709
880,881,882
1096,1103
768

925
632
783
800,801,805,807
877,878
1192,1198,1199
937,941
664,669,670
783
