107
227,229
3,7
11,15

32
185,187,189,190
372,375
4,5,6
160,162,167
253
517,519
90,91
516
486
41,42,44,45
266,271
512,513,518
392,394,398
326
104,105
553,555,558
346,351
84,85,87
169
544,545,546

369,373
41,42,44,45
177,178,180,181,182
136,138,140
233,237
560,565
104,105
455
177,178,180,181,182
404

312,314,318,319
84,85,87
273
209,210
521
435,436
456,459,463
84,85,87
514,515
248,249,252,254,255
369,373
326
185,187,189,190
32
409,411,412,413
457
227,229
273
251
457
48,51,53
266,271
38
521
326
281,284
516
201,202
395
253
161,164
432,434
227,229
97
364
377,378,380,382,383
388,390
83
315,316
280,282,285
48,51,53
232,234,235,239
372,375

288,290
61
346,351
348,350
456,459,463
281,284
596
400,401,403,405
576,578,579
107
322
8,12

266,271
381
587,588
296,298,299,302,303
520,524,525,526

101
594,595,598
107
432,434
305,306
586,591
571,572
455
61

240,241,245,246
571,572
231
483
112
280,282,285
505,506,508,510
115
217,223
517,519
432,434
66,67
587,588
90,91
11,15
521
225,226,228,230
253

297,301
84,85,87
233,237

409,411,412,413
352
68,70
274,278
566
201,202
520,524,525,526
139,141,142
98,99,100,103
28
253
101
347,349
432,434
586,591
66,67
400,401,403,405

84,85,87
231
251
115
576,578,579
576,578,579
98,99,100,103
414,415
544,545,546
253
32
233,237
139,141,142

242,243
528
233,237
171
381
123,126
90,91
66,67
275,276
273
61
152,157,158
66,67
161,164
326
104,105
58,62,63
8,12
264,267

242,243
266,271
457
587,588
38
460,461
185,187,189,190
242,243
377,378,380,382,383
317
381
288,290
149
176
214,215
511
364
201,202
266,271


32
227,229
33,35
528
496,497

560,565
347,349
516

467,471
346,351
4,5,6
16,20
414,415


248,249,252,254,255

297,301
104,105
505,506,508,510
393,397,399
19,23
104,105
512,513,518
457
84,85,87
512,513,518
283,286,287
115
317
517,519
482,484,485,487
553,555,558
242,243
3,7
584,585
90,91
195,199

227,229
435,436
66,67

169
232,234,235,239
404
410
3,7
150,151
160,162,167
33,35
486
11,15
122,125
528
268
112
61
217,223
171
84,85,87
505,506,508,510
266,271

482,484,485,487
348,350
195,199
381
275,276
136,138,140
592,593,597
242,243
482,484,485,487
288,290

464
213
232,234,235,239
509
346,351
521
227,229
253
392,394,398
587,588
48,51,53
185,187,189,190
136,138,140
11,15
115
273
160,162,167
520,524,525,526
328,329

185,187,189,190
346,351
107
217,223

3,7
209,210
268
266,271
364

90,91
61
516
227,229
185,187,189,190
432,434
456,459,463
240,241,245,246
122,125
381
409,411,412,413
283,286,287
61
326
97
171
377,378,380,382,383
483
315,316
281,284
251
348,350

209,210
231
83
406,407
152,157,158
410
27
305,306
512,513,518
592,593,597
560,565
467,471
66,67
32
248,249,252,254,255
40
40
152,157,158
347,349
322
8,12
283,286,287
40
341
3,7
455
313
304,308,309
509
317

395
517,519
544,545,546
404
201,202
90,91
594,595,598
493,495
328,329
280,282,285
388,390
322
456,459,463
511
304,308,309
38
512,513,518
66,67
16,20
122,125
225,226,228,230
233,237
483
201,202
305,306
395
214,215
426,427,428,430
27
33,35

83
552,554
123,126
400,401,403,405
242,243
251
217,223
400,401,403,405
296,298,299,302,303
395
482,484,485,487
331,334,335
288,290
315,316
432,434
41,42,44,45
297,301
251
268
516
516
166
514,515
483
580
331,334,335
326
426,427,428,430
115
297,301
586,591
566
38
41,42,44,45
4,5,6
594,595,598
108,110,111
214,215
486
4,5,6
108,110,111
347,349
442,444
232,234,235,239
264,267
283,286,287
435,436
68,70
251
160,162,167
48,51,53
150,151
442,444
528
305,306
315,316
516
177,178,180,181,182
231
341
393,397,399
19,23
592,593,597
442,444
242,243
514,515
584,585
594,595,598

553,555,558

232,234,235,239
90,91
576,578,579
296,298,299,302,303
149
505,506,508,510
40
214,215
498,499,502,503
328,329
33,35
233,237
341
587,588
225,226,228,230

283,286,287
58,62,63
395
288,290
209,210
457
48,51,53
561,562,563
520,524,525,526
185,187,189,190
315,316
195,199
296,298,299,302,303
11,15
313
455
264,267
594,595,598
410
8,12
528
467,471
347,349

232,234,235,239
240,241,245,246
240,241,245,246
486
74,79
264,267
248,249,252,254,255
227,229

483
377,378,380,382,383
297,301
203
587,588
231
432,434
225,226,228,230
553,555,558

176
48,51,53
553,555,558
48,51,53
33,35
32
171
594,595,598
498,499,502,503
38
505,506,508,510
253
393,397,399

341
217,223
486

242,243
112
409,411,412,413
268
28
576,578,579
209,210
364
297,301
288,290
251
467,471
313
149
377,378,380,382,383
251
409,411,412,413
232,234,235,239
280,282,285
584,585
594,595,598
460,461
305,306
32
304,308,309
341

450,453
61
251
584,585
406,407

32
511
253
214,215
517,519
388,390

283,286,287
544,545,546
90,91

381
8,12
457
41,42,44,45
66,67
136,138,140

227,229
11,15
275,276
392,394,398
388,390

455
217,223
33,35
312,314,318,319

571,572
3,7

274,278
372,375
195,199
233,237
97
248,249,252,254,255
28
275,276
8,12
61
352
477,479
281,284
115
509
166
152,157,158
341
586,591

123,126
274,278
28
3,7
266,271
477,479
347,349
520,524,525,526
457
322
97
101
264,267
553,555,558
312,314,318,319
566
40

274,278
521
84,85,87
392,394,398
483
305,306
347,349

58,62,63
482,484,485,487
185,187,189,190

251
209,210
32
3,7
281,284
83
90,91
584,585
209,210
346,351
248,249,252,254,255

107
273
41,42,44,45
101
176

450,453
97
571,572
456,459,463

369,373
496,497
185,187,189,190
248,249,252,254,255
400,401,403,405
460,461

209,210
596
3,7
404
409,411,412,413
493,495
152,157,158
435,436
520,524,525,526
16,20
107
280,282,285
517,519
400,401,403,405
516
493,495
410
304,308,309
369,373
296,298,299,302,303
185,187,189,190

586,591
66,67
455
493,495
139,141,142
107
32
4,5,6
240,241,245,246
521
171
98,99,100,103
348,350
253
297,301
74,79
160,162,167
587,588
406,407
388,390
435,436
369,373
123,126
395
19,23
388,390
3,7
149
203
231
251
97
509
176
406,407
112
136,138,140
240,241,245,246
280,282,285
517,519
268
341
274,278
404
395
149
176
426,427,428,430
377,378,380,382,383
115
19,23
580
84,85,87
203
104,105
313
253
166
560,565
317
341
160,162,167
326
166
273
74,79
410
264,267
514,515
514,515
322
28
352
288,290
40
231
392,394,398

108,110,111
509
372,375

166
171
586,591
456,459,463
225,226,228,230
486
400,401,403,405
576,578,579
225,226,228,230
521
160,162,167
414,415
393,397,399
253
467,471
185,187,189,190
209,210
161,164
107
381
177,178,180,181,182
225,226,228,230
312,314,318,319
66,67
426,427,428,430
160,162,167
136,138,140
66,67
331,334,335
225,226,228,230
406,407
66,67
460,461
305,306
8,12
280,282,285
509
225,226,228,230
84,85,87
169
505,506,508,510
464
203
296,298,299,302,303
32
225,226,228,230

348,350
227,229
326
455
209,210
225,226,228,230
248,249,252,254,255
11,15
512,513,518
514,515
274,278
97
297,301
486
16,20
48,51,53
457
400,401,403,405
483
326
33,35
4,5,6
393,397,399
553,555,558
97
101
104,105
273
514,515
432,434
514,515
84,85,87
312,314,318,319

560,565
281,284
322
586,591
28
240,241,245,246
185,187,189,190
409,411,412,413

32
486
3,7
400,401,403,405

435,436
41,42,44,45
101
122,125
322

571,572

201,202

317
304,308,309

248,249,252,254,255
108,110,111
511
516
347,349
266,271
41,42,44,45
395
150,151
455
496,497

280,282,285
112
90,91
227,229
68,70
409,411,412,413
61
576,578,579
3,7

16,20

372,375
509
150,151
161,164
48,51,53
592,593,597
560,565
516
231
41,42,44,45
149
328,329
283,286,287
176
455
225,226,228,230
108,110,111
467,471
4,5,6
426,427,428,430
268
517,519
264,267
280,282,285
240,241,245,246
38
98,99,100,103
149
435,436

455
552,554
450,453
477,479
253
58,62,63
112
586,591
16,20
544,545,546
596

97
584,585
409,411,412,413
516
217,223
307,311
348,350
169
40
213
231

341
274,278
74,79
115
586,591
27
213
406,407
560,565
315,316
594,595,598
264,267
213
596
266,271
596
381
