1100
1147

883,885
1120,1121,1122
1100
1144,1148
1196
922,927
1028,1030
912,916,917
1028,1030
841,843,846
1003
666,667,668,671
1125
1105,1108
773
835,838
1150
886
794,798
788,789,790,791
949
1168,1172

837
908,910
860
1166
898,899,900,901
1100
1136
802

1162,1163
1050
980,982,983

852
1100
754
773
824
794,798
853,854
985,987
1150
736
969,973,974
813,814
777,778,781,782
969,973,974
1085,1087
1150
988,990
718
1125
616
1166

1003
1028,1030

1106,1109
767
872,873
809,815
1158
958

848,849,850,851,855
853,854
1118
848,849,850,851,855
675,676
1020
1025,1029
672,673,674
1105,1108
1113,1115,1116
1120,1121,1122
946,947

1097,1099,1102
688,691,694
969,973,974
610,611


872,873
922,927
1168,1172
651
958
1025,1029
773
1059
817,820
828,831
908,910
628

688,691,694
905,906
1113,1115,1116
1020
735
813,814
610,611
651
922,927
1150
1003
1144,1148
988,990
1145,1146,1149,1151
610,611
1066
1141,1142
602,605,606
626
988,990
728
898,899,900,901
1033,1035,1038
936,943
1105,1108
1081,1083
1132
905,906
750

1025,1029
889,891,892,893,894
651
1050
626
610,611
1196
835,838
773
1042,1045
688,691,694
1056,1058,1062
905,906
886
1106,1109
875,879
1059
1034,1039
648,655

1100
875,879
985,987
1158
675,676

853,854
1184,1186,1191
1179
1150
666,667,668,671
1106,1109

817,820
628

1028,1030
718
934
922,927

853,854

1147

754
1049,1051,1054
735
888,895

1003

1033,1035,1038
648,655
1081,1083
1072,1077,1079
1097,1099,1102
718
1100
828,831
985,987
1196
688,691,694

628
717

1145,1146,1149,1151
616
1144,1148
853,854
1113,1115,1116
675,676
1185,1190
1144,1148
883,885
610,611
1033,1035,1038
1003
824
675,676
828,831
824
1003
988,990
687
1098,1101
1147
1118
872,873
936,943
898,899,900,901
788,789,790,791
736
1042,1045
750
1125
1179

852
852
1147

1145,1146,1149,1151
1144,1148
746,747,749,751
777,778,781,782
840,845
1136
1144,1148
728
610,611
760,762,764,766
1049,1051,1054
792
1098,1101
1034,1039
760,762,764,766
687
1104
1040,1043,1044,1046
1025,1029
1003
735
602,605,606
1041
1113,1115,1116
840,845

666,667,668,671
666,667,668,671
1120,1121,1122
1144,1148
980,982,983
610,611
883,885
949
1025,1029

835,838
1105,1108
1141,1142

735
905,906
886
728
1049,1051,1054
1168,1172
706,710,711
1041
1056,1058,1062
813,814
837

898,899,900,901
1144,1148
835,838
735
1073,1078

842,844,847
1128,1135
698
1056,1058,1062
1098,1101
735
1072,1077,1079
648,655
968
949
713,714,715,716
908,910
861
672,673,674
760,762,764,766
1179
610,611
1158
1049,1051,1054
1084,1086
717
1034,1039
958
1040,1043,1044,1046
754
746,747,749,751
816,819,823
1049,1051,1054
1128,1135
912,916,917
840,845
1150
1196
792
853,854
802
1041
1098,1101
1020
872,873
1132
1158
1098,1101
648,655
852
968
934

1128,1135
651
754
898,899,900,901
1100
908,910
736
852
1025,1029
905,906
936,943

1084,1086
1136
794,798
792
750
713,714,715,716
883,885
1097,1099,1102
946,947
872,873
794,798
687
689,692,693,695
837
1097,1099,1102
1118
883,885
1084,1086
688,691,694
1166
1084,1086
1170,1173,1174
816,819,823
1150
735
860
842,844,847
1105,1108
961,966
1100

1196
1033,1035,1038
602,605,606
968
610,611
889,891,892,893,894
1125
958
746,747,749,751
1060,1061

1196
1147
912,916,917
1185,1190
717
872,873
1072,1077,1079
1147
1168,1172
860
626
1130,1131,1134
736
840,845
813,814
651
852
648,655
610,611
1033,1035,1038
1184,1186,1191
1150
728
852
853,854
1132
1020
1020
985,987
773
1120,1121,1122
713,714,715,716
835,838
1104
1066
687
1084,1086

946,947
853,854

1085,1087
1041
1179
1184,1186,1191
1049,1051,1054
958
872,873
780
1166
875,879
1120,1121,1122

889,891,892,893,894
746,747,749,751

886
728
848,849,850,851,855
842,844,847
1072,1077,1079
688,691,694

1025,1029
616

1073,1078
1106,1109
706,710,711
793,795,799
886
706,710,711

754
1147
777,778,781,782
961,966
754

853,854
852
1066
650,654
688,691,694
809,815
1049,1051,1054
689,692,693,695
689,692,693,695
666,667,668,671
1060,1061
1106,1109
1005,1007
1106,1109

628
777,778,781,782
777,778,781,782
824
1158
718
852
1166
888,895
1005,1007
750
706,710,711
988,990
773
1098,1101
728
1158
717
905,906
794,798
602,605,606
650,654
1196
853,854
1120,1121,1122
1104
802
626
1040,1043,1044,1046
1060,1061
835,838
651

816,819,823
824
922,927
1150
824
817,820
736
1120,1121,1122
1011,1013,1014
1162,1163
1145,1146,1149,1151
1104

687

746,747,749,751
1097,1099,1102
1049,1051,1054
1028,1030
961,966
1130,1131,1134
1144,1148

650,654

949
735
816,819,823
698
1040,1043,1044,1046
1130,1131,1134
1132
1028,1030
728
1162,1163
1066
1033,1035,1038

713,714,715,716
628
1136
816,819,823
1042,1045
610,611
735

1118
1136
728

1153,1154,1156

777,778,781,782
1147
1028,1030
1153,1154,1156
1003
1168,1172
888,895
848,849,850,851,855
793,795,799
672,673,674
1059
754
689,692,693,695
1196

1128,1135

828,831
1136
980,982,983
1105,1108

640,644,647
1130,1131,1134
816,819,823
794,798
969,973,974
980,982,983
968
640,644,647

802
852
788,789,790,791
736
802

946,947
875,879
1153,1154,1156
816,819,823

1150
1085,1087
1118
746,747,749,751
1025,1029
852
1042,1045
1025,1029
1141,1142
717



1056,1058,1062
1130,1131,1134
875,879
905,906
666,667,668,671
735
1145,1146,1149,1151
760,762,764,766
853,854
1132

1059
1145,1146,1149,1151
988,990
1084,1086

1081,1083
813,814
848,849,850,851,855
1120,1121,1122
1066
840,845
1097,1099,1102
860
889,891,892,893,894
898,899,900,901
1104
648,655
1144,1148
746,747,749,751
888,895
1113,1115,1116

958

1132

1056,1058,1062
1144,1148
809,815
816,819,823
735
835,838
1166
1085,1087
1042,1045
706,710,711
706,710,711

1162,1163
760,762,764,766
980,982,983
1059
767
1084,1086
898,899,900,901
817,820
1003
777,778,781,782
888,895
905,906
934
1113,1115,1116
1041
1105,1108
835,838
1166
1072,1077,1079
1003
961,966
706,710,711
1196
1050
985,987
602,605,606
1081,1083
842,844,847
961,966
1005,1007
1147
746,747,749,751
788,789,790,791
648,655
706,710,711
961,966
687
1144,1148
949
813,814
968
735
1005,1007
848,849,850,851,855
1136
1072,1077,1079
760,762,764,766
968
860
736
905,906
1144,1148
1125
1073,1078
888,895
777,778,781,782
1118
949
746,747,749,751
889,891,892,893,894
626
886
792
1033,1035,1038
706,710,711
1196
1028,1030
898,899,900,901
841,843,846
666,667,668,671
1158
1066
728
889,891,892,893,894
616
936,943
816,819,823
1028,1030
802
840,845
1141,1142
1098,1101
1003
1104
946,947
1184,1186,1191

1073,1078
718
905,906
1170,1173,1174
718
666,667,668,671
1166
1084,1086
780
1042,1045
767
1098,1101
773
1106,1109
1125

837
1128,1135
1184,1186,1191
633,637,638
1118
1072,1077,1079
794,798
828,831
633,637,638
616

1033,1035,1038
872,873
936,943
852

1184,1186,1191
1130,1131,1134
1118
1132
934
958
934
767
602,605,606
698
988,990
788,789,790,791
616
1136
1042,1045

1168,1172
946,947
905,906
980,982,983
746,747,749,751
841,843,846
1184,1186,1191
1033,1035,1038
794,798
792
760,762,764,766
813,814
1158
980,982,983
1106,1109
760,762,764,766
1153,1154,1156
861
934

812
1158
1170,1173,1174
1020
640,644,647
1128,1135
750
713,714,715,716
626
988,990
888,895

828,831

842,844,847
860
912,916,917
922,927
1184,1186,1191
628
1033,1035,1038
1097,1099,1102
969,973,974

1153,1154,1156
934

687
828,831
651
872,873
1150
835,838
835,838
980,982,983
1136
777,778,781,782
1136
1145,1146,1149,1151
1125
628
1097,1099,1102
713,714,715,716
1084,1086
837

687
706,710,711
754
754
1041
980,982,983
1166
861
1085,1087
968
840,845
1056,1058,1062
675,676
1105,1108
736
883,885
754
860
773
961,966


1144,1148
792
675,676
889,891,892,893,894



728
1120,1121,1122
912,916,917
1106,1109

861

1050
1118
1145,1146,1149,1151
1145,1146,1149,1151
626
1168,1172
1136
1145,1146,1149,1151
1144,1148
812

980,982,983
1073,1078
1056,1058,1062

1040,1043,1044,1046
750
746,747,749,751
648,655
1166
736
675,676
813,814
898,899,900,901
698
717
872,873
1144,1148
1118
1168,1172
1147

1153,1154,1156
793,795,799
1056,1058,1062
1147
824
1104

1147
934
1056,1058,1062


1144,1148
817,820
1162,1163
883,885
1130,1131,1134
961,966
777,778,781,782

946,947
837
1162,1163
835,838
1033,1035,1038
1128,1135
936,943
886
792
767
1118
718
760,762,764,766
687

675,676
1097,1099,1102
1025,1029
706,710,711
602,605,606
889,891,892,893,894
1100
1168,1172
1034,1039
687
698
1168,1172
852
1128,1135
1125
958

